16.0 	0.5 	0.0 	1 
16.5 	0.5 	0.0 	1 
17.0 	0.5 	0.0 	1 
17.5 	0.5 	0.0 	1 
18.0 	0.5 	0.0 	1 
18.5 	0.5 	0.0 	1 
19.0 	0.5 	0.0 	1 
19.5 	0.5 	0.0 	1 
24.5 	0.5 	0.0 	1 
25.0 	0.5 	0.0 	1 
30.5 	0.5 	0.0 	1 
31.0 	0.5 	0.0 	1 
31.5 	0.5 	0.0 	1 
32.0 	0.5 	0.0 	1 
32.5 	0.5 	0.0 	1 
33.0 	0.5 	0.0 	1 
33.5 	0.5 	0.0 	1 
34.0 	0.5 	0.0 	1 
16.0 	1.0 	0.0 	1 
16.5 	1.0 	0.0 	1 
17.0 	1.0 	0.0 	1 
17.5 	1.0 	0.0 	1 
18.0 	1.0 	0.0 	1 
18.5 	1.0 	0.0 	1 
19.0 	1.0 	0.0 	1 
19.5 	1.0 	0.0 	1 
23.5 	1.0 	0.0 	1 
24.0 	1.0 	0.0 	1 
24.5 	1.0 	0.0 	1 
25.0 	1.0 	0.0 	1 
25.5 	1.0 	0.0 	1 
30.5 	1.0 	0.0 	1 
31.0 	1.0 	0.0 	1 
31.5 	1.0 	0.0 	1 
32.0 	1.0 	0.0 	1 
32.5 	1.0 	0.0 	1 
33.0 	1.0 	0.0 	1 
33.5 	1.0 	0.0 	1 
34.0 	1.0 	0.0 	1 
16.0 	1.5 	0.0 	1 
16.5 	1.5 	0.0 	1 
19.5 	1.5 	0.0 	1 
20.0 	1.5 	0.0 	1 
22.5 	1.5 	0.0 	1 
23.0 	1.5 	0.0 	1 
23.5 	1.5 	0.0 	1 
24.0 	1.5 	0.0 	1 
25.5 	1.5 	0.0 	1 
26.0 	1.5 	0.0 	1 
26.5 	1.5 	0.0 	1 
27.0 	1.5 	0.0 	1 			
30.5 	1.5 	0.0 	1 
31.0 	1.5 	0.0 	1 
34.0 	1.5 	0.0 	1 
34.5 	1.5 	0.0 	1 			
16.0 	2.0 	0.0 	1 
16.5 	2.0 	0.0 	1 
19.5 	2.0 	0.0 	1 
20.0 	2.0 	0.0 	1 			
22.5 	2.0 	0.0 	1 
23.0 	2.0 	0.0 	1 
26.5 	2.0 	0.0 	1 
27.0 	2.0 	0.0 	1 			
30.5 	2.0 	0.0 	1 
31.0 	2.0 	0.0 	1 
34.0 	2.0 	0.0 	1 
34.5 	2.0 	0.0 	1 			
16.0 	2.5 	0.0 	1 
16.5 	2.5 	0.0 	1 
19.0 	2.5 	0.0 	1 
19.5 	2.5 	0.0 	1 		
23.0 	2.5 	0.0 	1 
23.5 	2.5 	0.0 	1 
26.0 	2.5 	0.0 	1 
26.5 	2.5 	0.0 	1 			
30.5 	2.5 	0.0 	1 
31.0 	2.5 	0.0 	1 
33.5 	2.5 	0.0 	1 
34.0 	2.5 	0.0 	1 			
16.0 	3.0 	0.0 	1 
16.5 	3.0 	0.0 	1 
19.0 	3.0 	0.0 	1 
19.5 	3.0 	0.0 	1 			
23.0 	3.0 	0.0 	1 
23.5 	3.0 	0.0 	1 
26.0 	3.0 	0.0 	1 
26.5 	3.0 	0.0 	1 			
30.5 	3.0 	0.0 	1 
31.0 	3.0 	0.0 	1 
33.5 	3.0 	0.0 	1 
34.0 	3.0 	0.0 	1 			
16.0 	3.5 	0.0 	1 
16.5 	3.5 	0.0 	1 
17.0 	3.5 	0.0 	1 
17.5 	3.5 	0.0 	1 
18.0 	3.5 	0.0 	1 
18.5 	3.5 	0.0 	1 			
23.5 	3.5 	0.0 	1 
24.0 	3.5 	0.0 	1 
24.5 	3.5 	0.0 	1 
25.0 	3.5 	0.0 	1 
25.5 	3.5 	0.0 	1 
26.0 	3.5 	0.0 	1 
28.5 	3.5 	0.0 	1 
29.0 	3.5 	0.0 	1 			
30.5 	3.5 	0.0 	1 
31.0 	3.5 	0.0 	1 
31.5 	3.5 	0.0 	1 
32.0 	3.5 	0.0 	1 
32.5 	3.5 	0.0 	1 
33.0 	3.5 	0.0 	1 			
16.0 	4.0 	0.0 	1 
16.5 	4.0 	0.0 	1 
17.0 	4.0 	0.0 	1 
17.5 	4.0 	0.0 	1 
18.0 	4.0 	0.0 	1 
18.5 	4.0 	0.0 	1 			
23.5 	4.0 	0.0 	1 
24.0 	4.0 	0.0 	1 
24.5 	4.0 	0.0 	1 
25.0 	4.0 	0.0 	1 
25.5 	4.0 	0.0 	1 
26.0 	4.0 	0.0 	1 
28.5 	4.0 	0.0 	1 
29.0 	4.0 	0.0 	1 			
30.5 	4.0 	0.0 	1 
31.0 	4.0 	0.0 	1 
31.5 	4.0 	0.0 	1 
32.0 	4.0 	0.0 	1 
32.5 	4.0 	0.0 	1 
33.0 	4.0 	0.0 	1 			
16.0 	4.5 	0.0 	1 
16.5 	4.5 	0.0 	1 
19.0 	4.5 	0.0 	1 
19.5 	4.5 	0.0 	1 			
23.0 	4.5 	0.0 	1 
23.5 	4.5 	0.0 	1 
26.0 	4.5 	0.0 	1 
26.5 	4.5 	0.0 	1 
27.5 	4.5 	0.0 	1 
28.0 	4.5 	0.0 	1 			
30.5 	4.5 	0.0 	1 
31.0 	4.5 	0.0 	1 
33.5 	4.5 	0.0 	1 
34.0 	4.5 	0.0 	1 			
16.0 	5.0 	0.0 	1 
16.5 	5.0 	0.0 	1 
19.0 	5.0 	0.0 	1 
19.5 	5.0 	0.0 	1 			
23.0 	5.0 	0.0 	1 
23.5 	5.0 	0.0 	1 
26.0 	5.0 	0.0 	1 
26.5 	5.0 	0.0 	1 
27.5 	5.0 	0.0 	1 
28.0 	5.0 	0.0 	1 			
30.5 	5.0 	0.0 	1 
31.0 	5.0 	0.0 	1 
33.5 	5.0 	0.0 	1 
34.0 	5.0 	0.0 	1 			
16.0 	5.5 	0.0 	1 
16.5 	5.5 	0.0 	1 
19.5 	5.5 	0.0 	1 
20.0 	5.5 	0.0 	1 			
22.0 	5.5 	0.0 	1 
23.0 	5.5 	0.0 	1 
26.5 	5.5 	0.0 	1 
27.0 	5.5 	0.0 	1 			
30.5 	5.5 	0.0 	1 
31.0 	5.5 	0.0 	1 
34.0 	5.5 	0.0 	1 
34.5 	5.5 	0.0 	1 			
16.0 	6.0 	0.0 	1 
16.5 	6.0 	0.0 	1 
19.5 	6.0 	0.0 	1 
20.0 	6.0 	0.0 	1 			
22.5 	6.0 	0.0 	1 
23.0 	6.0 	0.0 	1 
26.5 	6.0 	0.0 	1 
27.0 	6.0 	0.0 	1 			
30.5 	6.0 	0.0 	1 
31.0 	6.0 	0.0 	1 
34.0 	6.0 	0.0 	1 
34.5 	6.0 	0.0 	1 			
16.0 	6.5 	0.0 	1 
16.5 	6.5 	0.0 	1 
17.0 	6.5 	0.0 	1 
17.5 	6.5 	0.0 	1 
18.0 	6.5 	0.0 	1 
18.5 	6.5 	0.0 	1 
19.0 	6.5 	0.0 	1 
19.5 	6.5 	0.0 	1 			
23.5 	6.5 	0.0 	1 
24.0 	6.5 	0.0 	1 
25.5 	6.5 	0.0 	1 
26.0 	6.5 	0.0 	1 			
27.5 	6.5 	0.0 	1 
28.0 	6.5 	0.0 	1 			
30.5 	6.5 	0.0 	1 
31.0 	6.5 	0.0 	1 
31.5 	6.5 	0.0 	1 
32.0 	6.5 	0.0 	1 
32.5 	6.5 	0.0 	1 
33.0 	6.5 	0.0 	1 
33.5 	6.5 	0.0 	1 
34.0 	6.5 	0.0 	1 			
16.0 	7.0 	0.0 	1 
16.5 	7.0 	0.0 	1 
17.0 	7.0 	0.0 	1 
17.5 	7.0 	0.0 	1 
18.0 	7.0 	0.0 	1 
18.5 	7.0 	0.0 	1 
19.0 	7.0 	0.0 	1 
19.5 	7.0 	0.0 	1 			
23.5 	7.0 	0.0 	1 
24.0 	7.0 	0.0 	1 
24.5 	7.0 	0.0 	1 
25.0 	7.0 	0.0 	1 
25.5 	7.0 	0.0 	1 
26.0 	7.0 	0.0 	1 			
27.5 	7.0 	0.0 	1 
28.0 	7.0 	0.0 	1 			
30.5 	7.0 	0.0 	1 
31.0 	7.0 	0.0 	1 
31.5 	7.0 	0.0 	1 
32.0 	7.0 	0.0 	1 
32.5 	7.0 	0.0 	1 
33.0 	7.0 	0.0 	1 
33.5 	7.0 	0.0 	1 
34.0 	7.0 	0.0 	1 			
24.5 	7.5 	0.0 	1 
25.0 	7.5 	0.0 	1 			
3.0 	11.0 	0.0 	1 
3.5 	11.0 	0.0 	1 			
10.0 	11.0 	0.0 	1 
10.5 	11.0 	0.0 	1 			
16.0 	11.0 	0.0 	1 
16.5 	11.0 	0.0 	1 
19.0 	11.0 	0.0 	1 
19.5 	11.0 	0.0 	1 			
24.0 	11.0 	0.0 	1 
24.5 	11.0 	0.0 	1 
25.0 	11.0 	0.0 	1 
25.5 	11.0 	0.0 	1 
26.0 	11.0 	0.0 	1 
26.5 	11.0 	0.0 	1 			
29.0 	11.0 	0.0 	1 
29.5 	11.0 	0.0 	1 
33.0 	11.0 	0.0 	1 
33.5 	11.0 	0.0 	1 			
37.0 	11.0 	0.0 	1 
37.5 	11.0 	0.0 	1 			
39.0 	11.0 	0.0 	1 
39.5 	11.0 	0.0 	1 			
43.0 	11.0 	0.0 	1 
43.5 	11.0 	0.0 	1 
44.0 	11.0 	0.0 	1 
44.5 	11.0 	0.0 	1 
45.0 	11.0 	0.0 	1 
45.5 	11.0 	0.0 	1 
46.0 	11.0 	0.0 	1 
46.5 	11.0 	0.0 	1 
47.0 	11.0 	0.0 	1 
47.5 	11.0 	0.0 	1 			
2.0 	11.5 	0.0 	1 
2.5 	11.5 	0.0 	1 
3.0 	11.5 	0.0 	1 
3.5 	11.5 	0.0 	1 
4.0 	11.5 	0.0 	1 
4.5 	11.5 	0.0 	1 			
9.0 	11.5 	0.0 	1 
9.5 	11.5 	0.0 	1 
10.0 	11.5 	0.0 	1 
10.5 	11.5 	0.0 	1 
11.0 	11.5 	0.0 	1 
11.5 	11.5 	0.0 	1 			
16.0 	11.5 	0.0 	1 
16.5 	11.5 	0.0 	1 			
19.0 	11.5 	0.0 	1 
19.5 	11.5 	0.0 	1 			
23.0 	11.5 	0.0 	1 
23.5 	11.5 	0.0 	1 
24.0 	11.5 	0.0 	1 
24.5 	11.5 	0.0 	1 
25.0 	11.5 	0.0 	1 
25.5 	11.5 	0.0 	1 
26.0 	11.5 	0.0 	1 
26.5 	11.5 	0.0 	1 			
29.0 	11.5 	0.0 	1 
29.5 	11.5 	0.0 	1 
33.0 	11.5 	0.0 	1 
33.5 	11.5 	0.0 	1 			
37.0 	11.5 	0.0 	1 
37.5 	11.5 	0.0 	1 
39.0 	11.5 	0.0 	1 
39.5 	11.5 	0.0 	1 
43.0 	11.5 	0.0 	1 
43.5 	11.5 	0.0 	1 
44.0 	11.5 	0.0 	1 
44.5 	11.5 	0.0 	1 
45.0 	11.5 	0.0 	1 
45.5 	11.5 	0.0 	1 
46.0 	11.5 	0.0 	1 
46.5 	11.5 	0.0 	1 
47.0 	11.5 	0.0 	1 
47.5 	11.5 	0.0 	1 				
1.0 	12.0 	0.0 	1 
1.5 	12.0 	0.0 	1 
2.0 	12.0 	0.0 	1 
2.5 	12.0 	0.0 	1 
4.0 	12.0 	0.0 	1 
4.5 	12.0 	0.0 	1 
5.0 	12.0 	0.0 	1 
5.5 	12.0 	0.0 	1 			
8.0 	12.0 	0.0 	1 
8.5 	12.0 	0.0 	1 
9.0 	12.0 	0.0 	1 
9.5 	12.0 	0.0 	1 
11.0 	12.0 	0.0 	1 
11.5 	12.0 	0.0 	1 
12.0 	12.0 	0.0 	1 
12.5 	12.0 	0.0 	1 			
15.5 	12.0 	0.0 	1 
16.0 	12.0 	0.0 	1 
16.5 	12.0 	0.0 	1 
17.0 	12.0 	0.0 	1 
19.0 	12.0 	0.0 	1 
19.5 	12.0 	0.0 	1 			
22.0 	12.0 	0.0 	1 
22.5 	12.0 	0.0 	1 
23.0 	12.0 	0.0 	1 
23.5 	12.0 	0.0 	1 			
29.0 	12.0 	0.0 	1 
29.5 	12.0 	0.0 	1 
33.0 	12.0 	0.0 	1 
33.5 	12.0 	0.0 	1 			
36.5 	12.0 	0.0 	1 
37.0 	12.0 	0.0 	1 
37.5 	12.0 	0.0 	1 
38.0 	12.0 	0.0 	1 
38.5 	12.0 	0.0 	1 
39.0 	12.0 	0.0 	1 
39.5 	12.0 	0.0 	1 
40.0 	12.0 	0.0 	1 			
43.0 	12.0 	0.0 	1 
43.5 	12.0 	0.0 	1 			
1.0 	12.5 	0.0 	1 
1.5 	12.5 	0.0 	1 
5.0 	12.5 	0.0 	1 
5.5 	12.5 	0.0 	1 		
8.0 	12.5 	0.0 	1 
8.5 	12.5 	0.0 	1 
12.0 	12.5 	0.0 	1 
12.5 	12.5 	0.0 	1 			
15.5 	12.5 	0.0 	1 
16.0 	12.5 	0.0 	1 
16.5 	12.5 	0.0 	1 
17.0 	12.5 	0.0 	1 
19.0 	12.5 	0.0 	1 
19.5 	12.5 	0.0 	1 			
22.0 	12.5 	0.0 	1 
22.5 	12.5 	0.0 	1 			
29.0 	12.5 	0.0 	1 
29.5 	12.5 	0.0 	1 
33.0 	12.5 	0.0 	1 
33.5 	12.5 	0.0 	1 			
36.5 	12.5 	0.0 	1 
37.0 	12.5 	0.0 	1 
37.5 	12.5 	0.0 	1 
38.0 	12.5 	0.0 	1 
38.5 	12.5 	0.0 	1 
39.0 	12.5 	0.0 	1 
39.5 	12.5 	0.0 	1 
40.0 	12.5 	0.0 	1 			
43.0 	12.5 	0.0 	1 
43.5 	12.5 	0.0 	1 			
0.5 	13.0 	0.0 	1 
1.0 	13.0 	0.0 	1 			
8.0 	13.0 	0.0 	1 
8.5 	13.0 	0.0 	1 
12.0 	13.0 	0.0 	1 
12.5 	13.0 	0.0 	1 			
15.0 	13.0 	0.0 	1 
15.5 	13.0 	0.0 	1 
17.0 	13.0 	0.0 	1 
17.5 	13.0 	0.0 	1 
19.0 	13.0 	0.0 	1 
19.5 	13.0 	0.0 	1 			
22.0 	13.0 	0.0 	1 
22.5 	13.0 	0.0 	1 			
29.0 	13.0 	0.0 	1 
29.5 	13.0 	0.0 	1 
33.0 	13.0 	0.0 	1 
33.5 	13.0 	0.0 	1 			
36.0 	13.0 	0.0 	1 
36.5 	13.0 	0.0 	1 
38.0 	13.0 	0.0 	1 
38.5 	13.0 	0.0 	1 
40.0 	13.0 	0.0 	1 
40.5 	13.0 	0.0 	1 			
43.0 	13.0 	0.0 	1 
43.5 	13.0 	0.0 	1 			
0.5 	13.5 	0.0 	1 
1.0 	13.5 	0.0 	1 			
8.0 	13.5 	0.0 	1 
8.5 	13.5 	0.0 	1 
12.0 	13.5 	0.0 	1 
12.5 	13.5 	0.0 	1 			
15.0 	13.5 	0.0 	1 
15.5 	13.5 	0.0 	1 
17.0 	13.5 	0.0 	1 
17.5 	13.5 	0.0 	1 
19.0 	13.5 	0.0 	1 
19.5 	13.5 	0.0 	1 			
22.0 	13.5 	0.0 	1 
22.5 	13.5 	0.0 	1 			
29.0 	13.5 	0.0 	1 
29.5 	13.5 	0.0 	1 
33.0 	13.5 	0.0 	1 
33.5 	13.5 	0.0 	1 			
36.0 	13.5 	0.0 	1 
36.5 	13.5 	0.0 	1 
38.0 	13.5 	0.0 	1 
38.5 	13.5 	0.0 	1 
40.0 	13.5 	0.0 	1 
40.5 	13.5 	0.0 	1 			
43.0 	13.5 	0.0 	1 
43.5 	13.5 	0.0 	1 			
0.5 	14.0 	0.0 	1 
1.0 	14.0 	0.0 	1 			
8.0 	14.0 	0.0 	1 
8.5 	14.0 	0.0 	1 
12.0 	14.0 	0.0 	1 
12.5 	14.0 	0.0 	1 			
15.0 	14.0 	0.0 	1 
15.5 	14.0 	0.0 	1 
17.0 	14.0 	0.0 	1 
17.5 	14.0 	0.0 	1 
19.0 	14.0 	0.0 	1 
19.5 	14.0 	0.0 	1 			
22.0 	14.0 	0.0 	1 
22.5 	14.0 	0.0 	1 
23.0 	14.0 	0.0 	1 
23.5 	14.0 	0.0 	1 
24.0 	14.0 	0.0 	1 
24.5 	14.0 	0.0 	1 
25.0 	14.0 	0.0 	1 
25.5 	14.0 	0.0 	1 
26.0 	14.0 	0.0 	1 
26.5 	14.0 	0.0 	1 			
29.0 	14.0 	0.0 	1 
29.5 	14.0 	0.0 	1 
33.0 	14.0 	0.0 	1 
33.5 	14.0 	0.0 	1 			
36.0 	14.0 	0.0 	1 
36.5 	14.0 	0.0 	1 
38.0 	14.0 	0.0 	1 
38.5 	14.0 	0.0 	1 
40.0 	14.0 	0.0 	1 
40.5 	14.0 	0.0 	1 			
43.0 	14.0 	0.0 	1 
43.5 	14.0 	0.0 	1 
44.0 	14.0 	0.0 	1 
44.5 	14.0 	0.0 	1 
45.0 	14.0 	0.0 	1 
45.5 	14.0 	0.0 	1 			
0.5 	14.5 	0.0 	1 
1.0 	14.5 	0.0 	1 			
8.0 	14.5 	0.0 	1 
8.5 	14.5 	0.0 	1 
12.0 	14.5 	0.0 	1 
12.5 	14.5 	0.0 	1 			
15.0 	14.5 	0.0 	1 
15.5 	14.5 	0.0 	1 
17.0 	14.5 	0.0 	1 
17.5 	14.5 	0.0 	1 
19.0 	14.5 	0.0 	1 
19.5 	14.5 	0.0 	1 			
22.0 	14.5 	0.0 	1 
22.5 	14.5 	0.0 	1 
23.0 	14.5 	0.0 	1 
23.5 	14.5 	0.0 	1 
24.0 	14.5 	0.0 	1 
24.5 	14.5 	0.0 	1 
25.0 	14.5 	0.0 	1 
25.5 	14.5 	0.0 	1 
26.0 	14.5 	0.0 	1 
26.5 	14.5 	0.0 	1 			
29.0 	14.5 	0.0 	1 
29.5 	14.5 	0.0 	1 
33.0 	14.5 	0.0 	1 
33.5 	14.5 	0.0 	1 			
36.0 	14.5 	0.0 	1 
36.5 	14.5 	0.0 	1 
38.0 	14.5 	0.0 	1 
38.5 	14.5 	0.0 	1 
40.0 	14.5 	0.0 	1 
40.5 	14.5 	0.0 	1 			
43.0 	14.5 	0.0 	1 
43.5 	14.5 	0.0 	1 
44.0 	14.5 	0.0 	1 
44.5 	14.5 	0.0 	1 
45.0 	14.5 	0.0 	1 
45.5 	14.5 	0.0 	1 			
0.5 	15.0 	0.0 	1 
1.0 	15.0 	0.0 	1 			
8.0 	15.0 	0.0 	1 
8.5 	15.0 	0.0 	1 
12.0 	15.0 	0.0 	1 
12.5 	15.0 	0.0 	1 			
15.0 	15.0 	0.0 	1 
15.5 	15.0 	0.0 	1 
17.0 	15.0 	0.0 	1 
17.5 	15.0 	0.0 	1 
19.0 	15.0 	0.0 	1 
19.5 	15.0 	0.0 	1 			
26.0 	15.0 	0.0 	1 
26.5 	15.0 	0.0 	1 			
29.0 	15.0 	0.0 	1 
29.5 	15.0 	0.0 	1 
33.0 	15.0 	0.0 	1 
33.5 	15.0 	0.0 	1 		
36.0 	15.0 	0.0 	1 
36.5 	15.0 	0.0 	1 
38.0 	15.0 	0.0 	1 
38.5 	15.0 	0.0 	1 
40.0 	15.0 	0.0 	1 
40.5 	15.0 	0.0 	1 			
43.0 	15.0 	0.0 	1 
43.5 	15.0 	0.0 	1 			
0.5 	15.5 	0.0 	1 
1.0 	15.5 	0.0 	1 			
8.0 	15.5 	0.0 	1 
8.5 	15.5 	0.0 	1 
12.0 	15.5 	0.0 	1 
12.5 	15.5 	0.0 	1 			
15.0 	15.5 	0.0 	1 
15.5 	15.5 	0.0 	1 
17.0 	15.5 	0.0 	1 
17.5 	15.5 	0.0 	1 
19.0 	15.5 	0.0 	1 
19.5 	15.5 	0.0 	1 			
26.0 	15.5 	0.0 	1 
26.5 	15.5 	0.0 	1 			
29.0 	15.5 	0.0 	1 
29.5 	15.5 	0.0 	1 
33.0 	15.5 	0.0 	1 
33.5 	15.5 	0.0 	1 			
36.0 	15.5 	0.0 	1 
36.5 	15.5 	0.0 	1 
38.0 	15.5 	0.0 	1 
38.5 	15.5 	0.0 	1 
40.0 	15.5 	0.0 	1 
40.5 	15.5 	0.0 	1 			
43.0 	15.5 	0.0 	1 
43.5 	15.5 	0.0 	1 			
1.0 	16.0 	0.0 	1 
1.5 	16.0 	0.0 	1 
5.0 	16.0 	0.0 	1 
5.5 	16.0 	0.0 	1 			
8.0 	16.0 	0.0 	1 
8.5 	16.0 	0.0 	1 
12.0 	16.0 	0.0 	1 
12.5 	16.0 	0.0 	1 			
15.0 	16.0 	0.0 	1 
15.5 	16.0 	0.0 	1 
17.5 	16.0 	0.0 	1 
18.0 	16.0 	0.0 	1 
18.5 	16.0 	0.0 	1 
19.0 	16.0 	0.0 	1 			
26.0 	16.0 	0.0 	1 
26.5 	16.0 	0.0 	1 			
29.5 	16.0 	0.0 	1 
30.0 	16.0 	0.0 	1 
32.5 	16.0 	0.0 	1 
33.0 	16.0 	0.0 	1 			
36.0 	16.0 	0.0 	1 
36.5 	16.0 	0.0 	1 
40.0 	16.0 	0.0 	1 
40.5 	16.0 	0.0 	1 			
43.0 	16.0 	0.0 	1 
43.5 	16.0 	0.0 	1 			
1.0 	16.5 	0.0 	1 
1.5 	16.5 	0.0 	1 
2.0 	16.5 	0.0 	1 
2.5 	16.5 	0.0 	1 
4.0 	16.5 	0.0 	1 
4.5 	16.5 	0.0 	1 
5.0 	16.5 	0.0 	1 
5.5 	16.5 	0.0 	1 			
8.0 	16.5 	0.0 	1 
8.5 	16.5 	0.0 	1 
9.0 	16.5 	0.0 	1 
9.5 	16.5 	0.0 	1 
11.0 	16.5 	0.0 	1 
11.5 	16.5 	0.0 	1 
12.0 	16.5 	0.0 	1 
12.5 	16.5 	0.0 	1 			
15.0 	16.5 	0.0 	1 
15.5 	16.5 	0.0 	1 
17.5 	16.5 	0.0 	1 
18.0 	16.5 	0.0 	1 
18.5 	16.5 	0.0 	1 
19.0 	16.5 	0.0 	1 			
25.0 	16.5 	0.0 	1 
25.5 	16.5 	0.0 	1 
26.0 	16.5 	0.0 	1 
26.5 	16.5 	0.0 	1 			
29.5 	16.5 	0.0 	1 
30.0 	16.5 	0.0 	1 
32.5 	16.5 	0.0 	1 
33.0 	16.5 	0.0 	1 			
36.0 	16.5 	0.0 	1 
36.5 	16.5 	0.0 	1 
40.0 	16.5 	0.0 	1 
40.5 	16.5 	0.0 	1 			
43.0 	16.5 	0.0 	1 
43.5 	16.5 	0.0 	1 			
2.0 	17.0 	0.0 	1 
2.5 	17.0 	0.0 	1 
3.0 	17.0 	0.0 	1 
3.5 	17.0 	0.0 	1 
4.0 	17.0 	0.0 	1 
4.5 	17.0 	0.0 	1 			
9.0 	17.0 	0.0 	1 
9.5 	17.0 	0.0 	1 
10.0 	17.0 	0.0 	1 
10.5 	17.0 	0.0 	1 
11.0 	17.0 	0.0 	1 
11.5 	17.0 	0.0 	1 			
15.0 	17.0 	0.0 	1 
15.5 	17.0 	0.0 	1 
18.0 	17.0 	0.0 	1 
18.5 	17.0 	0.0 	1 			
22.0 	17.0 	0.0 	1 
22.5 	17.0 	0.0 	1 
23.0 	17.0 	0.0 	1 
23.5 	17.0 	0.0 	1 
24.0 	17.0 	0.0 	1 
24.5 	17.0 	0.0 	1 
25.0 	17.0 	0.0 	1 
25.5 	17.0 	0.0 	1 			
30.0 	17.0 	0.0 	1 
30.5 	17.0 	0.0 	1 
31.0 	17.0 	0.0 	1 
31.5 	17.0 	0.0 	1 
32.0 	17.0 	0.0 	1 
32.5 	17.0 	0.0 	1 			
36.0 	17.0 	0.0 	1 
36.5 	17.0 	0.0 	1 
40.0 	17.0 	0.0 	1 
40.5 	17.0 	0.0 	1 			
43.0 	17.0 	0.0 	1 
43.5 	17.0 	0.0 	1 
44.0 	17.0 	0.0 	1 
44.5 	17.0 	0.0 	1 
45.0 	17.0 	0.0 	1 
45.5 	17.0 	0.0 	1 
46.0 	17.0 	0.0 	1 
46.5 	17.0 	0.0 	1 
47.0 	17.0 	0.0 	1 
47.5 	17.0 	0.0 	1 			
3.0 	17.5 	0.0 	1 
3.5 	17.5 	0.0 	1 			
10.0 	17.5 	0.0 	1 
10.5 	17.5 	0.0 	1 			
15.0 	17.5 	0.0 	1 
15.5 	17.5 	0.0 	1 
18.0 	17.5 	0.0 	1 
18.5 	17.5 	0.0 	1 			
22.0 	17.5 	0.0 	1 
22.5 	17.5 	0.0 	1 
23.0 	17.5 	0.0 	1 
23.5 	17.5 	0.0 	1 
24.0 	17.5 	0.0 	1 
24.5 	17.5 	0.0 	1 			
30.0 	17.5 	0.0 	1 
30.5 	17.5 	0.0 	1 
31.0 	17.5 	0.0 	1 
31.5 	17.5 	0.0 	1 
32.0 	17.5 	0.0 	1 
32.5 	17.5 	0.0 	1 			
36.0 	17.5 	0.0 	1 
36.5 	17.5 	0.0 	1 			
40.0 	17.5 	0.0 	1 
40.5 	17.5 	0.0 	1 			
43.0 	17.5 	0.0 	1 
43.5 	17.5 	0.0 	1 
44.0 	17.5 	0.0 	1 
44.5 	17.5 	0.0 	1 
45.0 	17.5 	0.0 	1 
45.5 	17.5 	0.0 	1 
46.0 	17.5 	0.0 	1 
46.5 	17.5 	0.0 	1 
47.0 	17.5 	0.0 	1 
47.5 	17.5 	0.0 	1 
